DataType=0,Name=lol,Data=32.000000
DataType=3,Name=transform,Data={20.000000;10.000000;0.000000;}{0.000000;0.000000;0.000000;}{1.000000;1.000000;1.000000;}
